Number of accepted models: 108215
Number of U-Turn terminations in propagation: 0

Time:       118.324 s
means       1/1500
std_dev     0.00025

10          trajectory length
0.1         step size
1,000,000   samples

Means;
Matrix[1][21]
0.0005772779 0.0005844240 0.0005934204 0.0004796759 0.0004991279 0.0005254786 0.0005013884 0.0005305514 0.0004821652 0.0005000155 0.0004948472 0.0005078846 0.0005152376 0.0004924725 0.0004815675 0.0005932015 0.0004423225 0.0004458353 0.0006308520 0.0005450266 0.0005549097

Inverse means;
Matrix[1][21]
1732.2679057066 1711.0865701031 1685.1459964788 2084.7411548667 2003.4944018639 1903.0270564808 1994.4618293320 1884.8314053626 2073.9778674237 1999.9381672256 2020.8260081852 1968.9513249574 1940.8520582412 2030.5700610408 2076.5520383189 1685.7679028404 2260.7936360579 2242.9806708952 1585.1578283883 1834.7727318978 1802.0948970602

Covariances;
Matrix[21][21]
0.0000000355 0.0000000012 0.0000000018 -0.0000000093 0.0000000038 0.0000000026 -0.0000000040 -0.0000000002 0.0000000007 -0.0000000014 -0.0000000015 -0.0000000004 -0.0000000020 -0.0000000022 -0.0000000002 -0.0000000005 -0.0000000008 -0.0000000028 -0.0000000002 -0.0000000001 -0.0000000014
0.0000000012 0.0000000358 0.0000000019 0.0000000031 -0.0000000103 0.0000000030 0.0000000005 -0.0000000037 -0.0000000001 -0.0000000021 -0.0000000007 -0.0000000018 -0.0000000018 0.0000000001 -0.0000000023 -0.0000000006 -0.0000000025 -0.0000000002 0.0000000008 0.0000000000 0.0000000008
0.0000000018 0.0000000019 0.0000000353 0.0000000028 0.0000000036 -0.0000000091 0.0000000005 -0.0000000003 -0.0000000039 -0.0000000003 -0.0000000017 -0.0000000018 -0.0000000001 -0.0000000014 -0.0000000018 -0.0000000026 -0.0000000006 -0.0000000006 -0.0000000020 -0.0000000019 -0.0000000003
-0.0000000093 0.0000000031 0.0000000028 0.0000000213 0.0000000061 0.0000000058 -0.0000000082 0.0000000008 0.0000000005 -0.0000000030 -0.0000000035 -0.0000000011 -0.0000000035 -0.0000000043 0.0000000010 -0.0000000013 -0.0000000013 -0.0000000062 -0.0000000002 0.0000000001 -0.0000000025
0.0000000038 -0.0000000103 0.0000000036 0.0000000061 0.0000000208 0.0000000059 0.0000000003 -0.0000000074 0.0000000007 -0.0000000029 -0.0000000007 -0.0000000031 -0.0000000036 0.0000000005 -0.0000000036 -0.0000000011 -0.0000000052 -0.0000000012 -0.0000000010 -0.0000000023 -0.0000000008
0.0000000026 0.0000000030 -0.0000000091 0.0000000058 0.0000000059 0.0000000207 0.0000000002 0.0000000006 -0.0000000081 -0.0000000006 -0.0000000036 -0.0000000029 0.0000000002 -0.0000000043 -0.0000000034 -0.0000000054 -0.0000000020 -0.0000000011 -0.0000000025 0.0000000028 -0.0000000001
-0.0000000040 0.0000000005 0.0000000005 -0.0000000082 0.0000000003 0.0000000002 0.0000000241 0.0000000042 0.0000000039 -0.0000000082 0.0000000025 0.0000000001 -0.0000000004 -0.0000000015 -0.0000000066 -0.0000000031 -0.0000000045 0.0000000018 -0.0000000020 -0.0000000024 0.0000000010
-0.0000000002 -0.0000000037 -0.0000000003 0.0000000008 -0.0000000074 0.0000000006 0.0000000042 0.0000000229 0.0000000048 0.0000000028 -0.0000000111 0.0000000027 -0.0000000020 -0.0000000048 -0.0000000019 -0.0000000047 0.0000000019 -0.0000000052 -0.0000000025 0.0000000010 -0.0000000023
0.0000000007 -0.0000000001 -0.0000000039 0.0000000005 0.0000000007 -0.0000000081 0.0000000039 0.0000000048 0.0000000247 -0.0000000005 0.0000000026 -0.0000000084 -0.0000000059 -0.0000000022 -0.0000000004 0.0000000013 -0.0000000037 -0.0000000037 0.0000000010 -0.0000000039 -0.0000000018
-0.0000000014 -0.0000000021 -0.0000000003 -0.0000000030 -0.0000000029 -0.0000000006 -0.0000000082 0.0000000028 -0.0000000005 0.0000000279 0.0000000026 0.0000000018 -0.0000000079 0.0000000004 0.0000000009 -0.0000000052 -0.0000000011 -0.0000000013 -0.0000000024 -0.0000000006 -0.0000000007
-0.0000000015 -0.0000000007 -0.0000000017 -0.0000000035 -0.0000000007 -0.0000000036 0.0000000025 -0.0000000111 0.0000000026 0.0000000026 0.0000000258 0.0000000030 0.0000000004 -0.0000000080 0.0000000005 -0.0000000015 -0.0000000044 -0.0000000018 -0.0000000002 -0.0000000032 -0.0000000004
-0.0000000004 -0.0000000018 -0.0000000018 -0.0000000011 -0.0000000031 -0.0000000029 0.0000000001 0.0000000027 -0.0000000084 0.0000000018 0.0000000030 0.0000000284 0.0000000012 0.0000000009 -0.0000000082 -0.0000000015 -0.0000000016 -0.0000000052 -0.0000000008 -0.0000000011 -0.0000000022
-0.0000000020 -0.0000000018 -0.0000000001 -0.0000000035 -0.0000000036 0.0000000002 -0.0000000004 -0.0000000020 -0.0000000059 -0.0000000079 0.0000000004 0.0000000012 0.0000000236 0.0000000067 0.0000000040 -0.0000000072 -0.0000000007 0.0000000005 -0.0000000040 -0.0000000001 0.0000000002
-0.0000000022 0.0000000001 -0.0000000014 -0.0000000043 0.0000000005 -0.0000000043 -0.0000000015 -0.0000000048 -0.0000000022 0.0000000004 -0.0000000080 0.0000000009 0.0000000067 0.0000000210 0.0000000062 -0.0000000003 -0.0000000060 0.0000000002 -0.0000000003 -0.0000000031 -0.0000000007
-0.0000000002 -0.0000000023 -0.0000000018 0.0000000010 -0.0000000036 -0.0000000034 -0.0000000066 -0.0000000019 -0.0000000004 0.0000000009 0.0000000005 -0.0000000082 0.0000000040 0.0000000062 0.0000000233 0.0000000004 -0.0000000002 -0.0000000072 0.0000000007 -0.0000000004 -0.0000000040
-0.0000000005 -0.0000000006 -0.0000000026 -0.0000000013 -0.0000000011 -0.0000000054 -0.0000000031 -0.0000000047 0.0000000013 -0.0000000052 -0.0000000015 -0.0000000015 -0.0000000072 -0.0000000003 0.0000000004 0.0000000223 0.0000000065 0.0000000056 -0.0000000086 0.0000000027 0.0000000023
-0.0000000008 -0.0000000025 -0.0000000006 -0.0000000013 -0.0000000052 -0.0000000020 -0.0000000045 0.0000000019 -0.0000000037 -0.0000000011 -0.0000000044 -0.0000000016 -0.0000000007 -0.0000000060 -0.0000000002 0.0000000065 0.0000000202 0.0000000064 0.0000000032 -0.0000000092 0.0000000029
-0.0000000028 -0.0000000002 -0.0000000006 -0.0000000062 -0.0000000012 -0.0000000011 0.0000000018 -0.0000000052 -0.0000000037 -0.0000000013 -0.0000000018 -0.0000000052 0.0000000005 0.0000000002 -0.0000000072 0.0000000056 0.0000000064 0.0000000227 0.0000000022 0.0000000030 -0.0000000091
-0.0000000002 0.0000000008 -0.0000000020 -0.0000000002 -0.0000000010 -0.0000000025 -0.0000000020 -0.0000000025 0.0000000010 -0.0000000024 -0.0000000002 -0.0000000008 -0.0000000040 -0.0000000003 0.0000000007 -0.0000000086 0.0000000032 0.0000000022 0.0000000354 0.0000000008 0.0000000009
-0.0000000001 0.0000000000 -0.0000000019 0.0000000001 -0.0000000023 0.0000000028 -0.0000000024 0.0000000010 -0.0000000039 -0.0000000006 -0.0000000032 -0.0000000011 -0.0000000001 -0.0000000031 -0.0000000004 0.0000000027 -0.0000000092 0.0000000030 0.0000000008 0.0000000337 0.0000000017
-0.0000000014 0.0000000008 -0.0000000003 -0.0000000025 -0.0000000008 -0.0000000001 0.0000000010 -0.0000000023 -0.0000000018 -0.0000000007 -0.0000000004 -0.0000000022 0.0000000002 -0.0000000007 -0.0000000040 0.0000000023 0.0000000029 -0.0000000091 0.0000000009 0.0000000017 0.0000000354

Standard deviations;
Parameter 1 0.000188355910526
Parameter 2 0.000189316833766
Parameter 3 0.000187801384514
Parameter 4 0.000145952387113
Parameter 5 0.000144222771277
Parameter 6 0.000143855549043
Parameter 7 0.000155229681372
Parameter 8 0.000151317429479
Parameter 9 0.000157230579233
Parameter 10 0.00016692718425
Parameter 11 0.000160754042132
Parameter 12 0.000168605753836
Parameter 13 0.000153485509959
Parameter 14 0.000144902357336
Parameter 15 0.000152694666234
Parameter 16 0.00014918076754
Parameter 17 0.000142108136846
Parameter 18 0.000150787246615
Parameter 19 0.000188153883789
Parameter 20 0.000183592983185
Parameter 21 0.000188236691365